rank,uri,artist_names,track_name,source,peak_rank,previous_rank,days_on_chart,streams
1,"spotify:track:6iOndD4OFo7GkaDypWQIou","W Sound, Beéle, Ovy On The Drums","La Plena - W Sound 05","WEA Latina",1,1,64,"765831"
2,"spotify:track:4DnrAI8WyUY6gkOwl8GlPN","Alleh, Yorghaki","capaz (merengueton)","CONMUER LLC",1,2,146,"512628"
3,"spotify:track:1k4Iyemx6P5fba7RRcHmeb","Delaossa, Quevedo, Bigla The Kid","Still Luvin","DALE PLAY Records",1,4,43,"484078"
4,"spotify:track:1dnKyTHMBWzbYZ2LDXBefu","JC Reyes, Dei V","FLIPA","JC Reyes",2,3,44,"473094"
5,"spotify:track:29twJUQo66aqSd3lxoeswV","Omar Courtz, Bad Gyal","Comernos","Mr.305 Records / Rimas Entertainment LLC.",5,6,8,"415498"
6,"spotify:track:1CTTIrl42flqn1WYUoxl0H","JC Reyes, De La Rose, MC Menor JP","NINFO","JC Reyes",3,5,57,"395222"
7,"spotify:track:7ricDBUakN3N0YkkKE8Obu","Beéle, Ovy On The Drums","mi refe","5020 Records",3,7,137,"357636"
8,"spotify:track:7d6yK8v8J484SWH5prIQiE","Bad Bunny, Omar Courtz, Dei V","VeLDÁ","Rimas Entertainment LLC.",2,8,111,"338775"
9,"spotify:track:0DMJz677XfXiiruhIELu2e","Jombriel, DFZM, Jøtta","VITAMINA","WEA Latina",9,11,50,"299107"
10,"spotify:track:2lTm559tuIvatlT1u0JYG2","Bad Bunny","BAILE INoLVIDABLE","Rimas Entertainment LLC.",2,9,111,"298060"
11,"spotify:track:0dLdgRj8l4N0rmAwDxIV1Z","JC Reyes, David Marley","CELOSA","JC Reyes",11,12,41,"277235"
12,"spotify:track:2SPBFiD8iITb8CKJGz1TEQ","Yan Block","111","SONAR LLC.",7,10,64,"265519"
13,"spotify:track:2efbgTtEGNpsUZaOfgRTR6","Emilia, TINI, Nicki Nicole","blackout 🧊","Sony Music Latin",6,14,31,"250740"
14,"spotify:track:4hY6swYPVeFVKFaormmzez","Eladio Carrion, Quevedo","Romeo y Julieta","Rimas Entertainment LLC",2,13,22,"246412"
15,"spotify:track:31we7ZzWdSBEOKs5Ln6QVF","De La Rose, Omar Courtz","NUBES","WEA Latina",7,16,22,"244255"
16,"spotify:track:2BE1Q5N4Enl1eRrM82uzsu","Miguel Bueno, Juan Duque","Solcito","Wayti Records",7,15,41,"241589"
17,"spotify:track:6J5kc12BW5HuP3d7C3vvx8","Bad Bunny","EoO","Rimas Entertainment LLC.",9,17,111,"239420"
18,"spotify:track:5pOu3vSiKrEmj65N1CWqOI","Franco ""El Gorilla"", Yandel","Sexo Seguro","WY Records",17,18,23,"228228"
19,"spotify:track:6WatFBLVB0x077xWeoVc2k","KAROL G","Si Antes Te Hubiera Conocido","Bichota/Interscope Records",1,19,309,"227405"
20,"spotify:track:3MDaMg89kr21WgU0ZFFHX7","ORO600, Pablo Chill-E, Duki, Quevedo, Orodembow, 0-600","Nena Sad Remix","DALE PLAY Records / I NEED SPONSORS",20,21,2,"218827"
21,"spotify:track:2kQ1OvmMzs1xdlH020aJJh","Quevedo, Aitana","GRAN VÍA","2024 DQE Productions Distribuido por RIMAS Entertainment",1,24,156,"218520"
22,"spotify:track:4rxPM7gelblflqcSTp6pkw","8belial, Bad Gyal, Virtual Flavor","Orilla","8BELIAL",6,20,43,"218210"
23,"spotify:track:1gRaHuKLW9Uo9qYkb7MvGP","Bad Gyal, Trueno","Angelito","Interscope Records / Universal Music Latino",3,23,99,"215781"
24,"spotify:track:5TFD2bmFKGhoCRbX61nXY5","Bad Bunny","NUEVAYoL","Rimas Entertainment LLC.",1,29,111,"215178"
25,"spotify:track:0l0vcZMU7AOeQmUIREoI2U","Rauw Alejandro, Bad Bunny","Qué Pasaría...","Sony Music Latin/Duars Entertainment",1,22,162,"214976"
26,"spotify:track:76GPCCO2Qy5d68vSpAcliC","Bryant Myers, Clarent","Killa","Rimas Entertainment LLC.",26,37,8,"210900"
27,"spotify:track:634CTghcuEDy2FXcTsLG5m","Alleh, Yorghaki","una noche","CONMUER LLC",13,28,117,"207028"
28,"spotify:track:3sK8wGT43QFpWrvNQsrQya","Bad Bunny","DtMF","Rimas Entertainment LLC.",1,25,111,"201723"
29,"spotify:track:5DdLSEyKh8zgCrJq2hFj92","Yan Block, TORRRES","Yo sé","SONAR LLC.",6,26,188,"200877"
30,"spotify:track:5FLzweTtgQurkLPs0E7uEO","Danny Ocean, Sech","Priti","Atlantic Records",27,27,35,"200403"
31,"spotify:track:0Sr7ssScx54yxdM2ols7nW","Omar Courtz, De La Rose","Q U E V A S H A C E R H O Y ?","Mr.305 Records / Rimas Entertainment LLC.",1,32,218,"189397"
32,"spotify:track:59D4DOkspUbWyMmbAPQkxZ","Bad Bunny","VOY A LLeVARTE PA PR","Rimas Entertainment LLC.",2,30,111,"188728"
33,"spotify:track:6TT5rB0Rwneb6ZaopHQir4","Alleh, Yorghaki","el ingeniero","CONMUER LLC",10,34,118,"184245"
34,"spotify:track:7DiNJqM6uyiYqqWX1wsqxG","Yapi","DONDE TE ESCONDES?","Yapi",7,33,99,"182135"
35,"spotify:track:4GZOxR1IuvoRiUz0gpmASl","Beéle","sobelove","5020 Records",15,31,50,"175232"
36,"spotify:track:3tMftGMXTPbQlmjh4FzXpZ","Dani Fernández","Me has invitado a bailar","WM Spain",13,35,246,"175139"
37,"spotify:track:4zbEItKoaRId1vRZkoO0Uh","Danny Ocean, Kapo","Imagínate","Atlantic Records",3,38,169,"174338"
38,"spotify:track:1o4xkdBe0RjSf2u6VXi4OI","Yan Block, Panda Black","444","SONAR LLC.",33,36,263,"174212"
39,"spotify:track:58ldPuiCULxm08TCZ8qX4D","Quevedo, La Pantera","HALO","2024 DQE Productions Distribuido por RIMAS Entertainment",6,39,155,"173391"
40,"spotify:track:6aO53Wsz32bgMBytw6pIYm","Cano","Se Pone Las Nike","WM Spain",4,42,179,"165592"
41,"spotify:track:74j34STf8L6uADnTN69ohv","Rauw Alejandro, Chencho Corleone, KEVVO, Bryant Myers, Lyanno, Dalex","El Efecto - Remix","(SME US Latin) Duars Entertainment, Corp. (2)",25,41,321,"162959"
42,"spotify:track:67LKV40NfSSGIJnm0xz6fi","Quevedo, Pitbull","MR. MOONDIAL","2024 DQE Productions Distribuido por RIMAS Entertainment",5,43,156,"156304"
43,"spotify:track:0J2YHeebc3HvUDl2XDPu7d","JC Reyes, Sky Rompiendo","DESEO","JC Reyes",9,40,64,"154265"
44,"spotify:track:1gaBfa1HWh1HVmuUAdBpzs","Dei V, De La Rose","Toa (with De La Rose)","Encore Recordings",17,45,29,"151049"
45,"spotify:track:4huJ0Fow4zyt0FggO1tBaJ","Slayter, Yan Block, NTG","secuestro","SONAR LLC.",45,46,8,"148691"
46,"spotify:track:2318Aoqig6HS9YkHGlAm8T","Rels B, J Abecia","Te Regalo","DALE PLAY Records / Flakk Team",3,48,143,"148604"
47,"spotify:track:7MNGE2R8drq3d04vH5Ahlm","Rvssian, Young Miko, Omar Courtz, Clarent","WOAHH (feat. Clarent)","Sony Music Latin",26,44,43,"148425"
48,"spotify:track:072uRZ2a6okV4m0fyjY4sb","Rvfv, Morad, Rels B","Corazón Puro","NASTU MUSIC",7,47,93,"143179"
49,"spotify:track:7bywjHOc0wSjGGbj04XbVi","Feid, ATL Jacob","LUNA","UMLE - Latino",2,49,512,"140553"
50,"spotify:track:08VceLSSJJ83Yz3NTCyxZC","Gabry Ponte","Exotica","Signatune",16,50,53,"139456"
51,"spotify:track:7so0lgd0zP2Sbgs2d7a1SZ","Lady Gaga, Bruno Mars","Die With A Smile","Interscope Records",23,51,253,"126848"
52,"spotify:track:1YYfyJ2yCvGFCxwjsIqEK9","Rauw Alejandro, Romeo Santos","Khé?","Sony Music Latin/Duars Entertainment",8,52,162,"124485"
53,"spotify:track:1MB8kTH7VKvAMfL9SHgJmG","Sebastian Yatra, Manuel Turizo, Beéle","Vagabundo","UMLE - Latino",3,61,715,"124438"
54,"spotify:track:3YrTrs2hJbLklaBdhr4TrH","ROA, De La Rose, Luar La L, Yan Block, Omar Courtz","ETA - RMX","UMLE - Latino",20,53,142,"122613"
55,"spotify:track:70JnnNNAxPjvZGPwjJfX47","La La Love You, Axolotes Mexicanos","El Fin del Mundo","Subterfuge Records distributed by Altafonte",35,57,1739,"121825"
56,"spotify:track:2ANtIUI9cipWNI685VdlZb","Pablo Chill-E","Resentia","G STARR ENT",56,63,7,"121647"
57,"spotify:track:4MUrUT38U98olfnyzMBCzm","Bad Bunny","KLOuFRENS","Rimas Entertainment LLC.",10,54,111,"121395"
58,"spotify:track:4R0HFml9202w591gFu7AEe","GRECAS, JCC","Recalenta'","GRECAS",55,55,21,"119526"
59,"spotify:track:6XbtvPmIpyCbjuT0e8cQtp","Quevedo","Columbia","Quevedo",1,66,660,"119263"
60,"spotify:track:1v6gyuulWDLqR3BKa6QcdT","Myke Towers, Pirlo","VAN CLEEF (feat. Pirlo)","WEA Latina",56,56,15,"118847"
61,"spotify:track:3v1dCP3hk2djfWryqfp7sx","Melendi","Caminando por la vida","Parlophone Spain",52,65,1268,"117011"
62,"spotify:track:4wJ5Qq0jBN4ajy7ouZIV1c","ROSÉ, Bruno Mars","APT.","Atlantic Records",22,58,190,"116930"
63,"spotify:track:2xkAMFdKwbFFfY5jMEhi42","Lola Indigo","SIN AUTOTUNE","Universal Music Spain S.L.",16,59,29,"116907"
64,"spotify:track:1QwfEonEHRjLItRU7kISSe","rusowsky, Ralphie Choo","BBY ROMEO","Rusia-IDK/Warner Records",64,-1,1,"115836"
65,"spotify:track:0qeIFEGRQqHoaJtLCl0U73","Myke Towers, benny blanco","DEGENERE 👑 (feat. benny blanco)","WEA Latina",1,67,190,"111024"
66,"spotify:track:5ru2w4Y7xP58IXE6m4orW0","Kapo, Myke Towers","ILY","Sony Music Latin/La Industria",15,62,50,"109343"
67,"spotify:track:3bE8SznOXJ990MK1ElQnfr","Marta Santos","Algo Sencillito","Sound Blaster Records",52,73,696,"106271"
68,"spotify:track:3xkHsmpQCBMytMJNiDf3Ii","Benson Boone","Beautiful Things","Night Street Records, Inc./Warner Records Inc.",17,60,442,"105990"
69,"spotify:track:6yCjU5j6YHbux2VQCBTTE1","Melendi","Tu jardín con enanitos","WM Spain",54,83,976,"105280"
70,"spotify:track:3tt9i3Hhzq84dPS8H7iSiJ","Manuel Turizo","La Bachata","Sony Music Latin/La Industria",1,69,1065,"104211"
71,"spotify:track:1TzQqJ4hme55ZKnM86Xyw0","Blessd, Ovy On The Drums","AMISTA","WEA Latina",71,-1,1,"103145"
72,"spotify:track:2RkZ5LkEzeHGRsmDqKwmaJ","Alex Warren","Ordinary","Atlantic Records",61,64,31,"102785"
73,"spotify:track:5QjmUqgpPQgXgg4606DqZF","Kapo","UWAIE","Sony Music Latin/La Industria",2,70,253,"100454"
74,"spotify:track:1VB4sadHjFcFklHcZuoROi","Estopa","Como Camarón","Ariola",32,87,1569,"97700"
75,"spotify:track:35ISBknsCeZQtq66xABI9g","Lola Young","Messy","Universal-Island Records Ltd.",69,71,129,"97143"
76,"spotify:track:6vRQqxOhUFd78p5tL8jXr7","Luck Ra, BM","La Morocha","Sony Music Entertainment Chile S.A",57,86,226,"95993"
77,"spotify:track:1fTjqf10accJCDYstPwwZ6","Kapo","Ohnana","Sony Music Latin/La Industria",2,79,304,"95889"
78,"spotify:track:6opCVD6WJNDyBAxvrzKLnH","Dei V","Martini","Encore Recordings",7,80,366,"95098"
79,"spotify:track:4eo11GQla5DlqMHQ76ym3l","Gonzy","FRIKI","Virgin Music Latin / Visonare Recordings, LLC",8,68,372,"94965"
80,"spotify:track:3LPLRNr58Z9Pn0clnEtkXb","Doechii","Anxiety","Top Dawg Entertainment/Capitol Records",28,75,49,"94428"
81,"spotify:track:5WEF0icHWmAZBBMglBd599","Bad Bunny, Chuwi","WELTiTA","Rimas Entertainment LLC.",7,76,111,"94219"
82,"spotify:track:5AGnkbWCiF9u4ra54N9X1a","Bizarrap, Luck Ra","Luck Ra: Bzrp Music Sessions, Vol. 61","DALE PLAY Records",11,82,119,"93890"
83,"spotify:track:7DACCN4AceR9hgiP9s99PC","Eladio Carrion, Myke Towers","Vetements","Rimas Entertainment LLC",7,72,22,"93445"
84,"spotify:track:1LiN0Z98FkR1t0m8KmLcAH","Anuel AA, Haze","Amanece","House of Haze",5,112,1237,"92761"
85,"spotify:track:3ng8tfwvzR4BBwa9yaMms6","SAIKO, JC Reyes, Dei V","BADGYAL","2024 SAIKONETA",1,77,365,"92114"
86,"spotify:track:0fea68AdmYNygeTGI4RC18","J Balvin, Bad Bunny","LA CANCIÓN","Universal Music Latino / Rimas",5,90,1455,"91848"
87,"spotify:track:61C7zXd4t2Zuhz6DRwgsLM","Piso 21, Marc Anthony, Beéle","Volver","WM Mexico",66,85,74,"89767"
88,"spotify:track:2beS6dD5rovBxSA1zYoSHR","JHAYCO, J Balvin, Bad Bunny","No Me Conoce - Remix","N&E Entertainment LLC",4,95,1620,"89462"
89,"spotify:track:4z46E3coZuv7TeGawEd4Ze","Yan Block, NTG, SAIKO","Juguete","SONAR LLC.",61,93,175,"89307"
90,"spotify:track:35eU9y0JOfSEt0i4jx9Bhd","Leiva, Robe","Caída Libre (feat. Robe)","Sony Music Entertainment",8,81,57,"88829"
91,"spotify:track:24UStI5AYA7g5ufFDh3LH0","Fito y Fitipaldis","Por la boca vive el pez","DRO/Spain",78,96,798,"88320"
92,"spotify:track:4sykJxUsqdXZRqRv1J9fEQ","Omar Montes, JC Reyes","Goteras","Sony Music Latin",1,84,302,"88035"
93,"spotify:track:7ne4VBA60CxGM75vw0EYad","Gracie Abrams","That’s So True","Gracie Abrams, under exclusive license to Interscope Records",45,78,183,"87978"
94,"spotify:track:0PtLrH95CQ2lKf6pym5LmA","Pepe y Vizio, Delaossa, KIDDO","El Patio","Helsinkipro",8,91,662,"85567"
95,"spotify:track:0PAqSz4d5lJfAscDDmIxzX","Feid, COLORS","PIDA LO QUE QUIERA MAMI - A COLORS SHOW","Universal Music Latino",95,-1,1,"85152"
96,"spotify:track:2jNyiavSywmA472t2m6ZBz","Lorde","What Was That","Universal Music New Zealand Limited",88,88,2,"84524"
97,"spotify:track:2esZG2XFtuoWWA9AfDvSxy","FloyyMenor, Cris Mj","Gata Only","FloyyMenor under exclusive license to UnitedMasters LLC",2,98,433,"83744"
98,"spotify:track:5KbBVSj6AJZ5662fO8EYFh","Marshmello, Manuel Turizo","El Merengue","Sony Music Latin",3,107,785,"83665"
99,"spotify:track:5orb2qBX5ISKtsSy20v8SK","Gonzy, SAIKO, Arcángel","X'CLUSIVO - REMIX","Virgin Music Latin / Visonare Recordings, LLC",1,74,421,"83633"
100,"spotify:track:3BvR83k9fPwDZUBwFxBPpu","Sebastian Yatra, Bad Gyal","2AM","UMLE - Latino",19,132,155,"83263"
101,"spotify:track:7eNwwoxDR8KVzNAuGvliAO","Omar Courtz, De La Rose, Haze","Kyoto","House of Haze",59,89,189,"82065"
102,"spotify:track:0eVborSuxUeSg0meWYd9dZ","Fito y Fitipaldis","Soldadito marinero","DRO/EastWest Spain",90,135,2474,"81705"
103,"spotify:track:6ifUES3keWjwXgae8pXI3o","Danny Ocean","Me Rehúso","Atlantic Records",1,115,2288,"81679"
104,"spotify:track:33VIvWmmCUgix6Htm1WdOJ","JC Reyes, De La Ghetto","FARDOS","JC Reyes",1,94,422,"81139"
105,"spotify:track:0eeX8L0DWvGth1F6xVkvv7","Myke Towers, Bad Bunny","ADIVINO","WEA Latina",1,103,365,"81127"
106,"spotify:track:2mnehJ4xPqFe4cNi7BG2rc","JC Reyes","STAR","JC Reyes",7,109,190,"80919"
107,"spotify:track:6dOtVTDdiauQNBQEDOtlAB","Billie Eilish","BIRDS OF A FEATHER","Darkroom/Interscope Records",49,92,344,"80872"
108,"spotify:track:1emJPywtseFLmLCcPY92dW","Dei V, Cris Mj","Rapido (with Cris Mj)","Encore Recordings",5,101,316,"80564"
109,"spotify:track:4kJP8Z888wREJ8bRMWNMuk","Extremoduro","La vereda de la puerta de atrás","DRO/EastWest Spain",93,114,136,"80206"
110,"spotify:track:6IuZFiKCeyQINqL0Id3xF2","Viva Suecia","El Bien","Universal Music Spain S.L.",110,134,66,"79548"
111,"spotify:track:60u6hcpH5Qm1M3xESdNBrB","Beéle","frente al mar","5020 Records",55,99,202,"79448"
112,"spotify:track:5KMfzwgSsB0UETKqceJ6Eu","Yan Block, Young Martino","18","SONAR LLC.",106,106,26,"79259"
113,"spotify:track:7ABLbnD53cQK00mhcaOUVG","Myke Towers","LALA","WEA Latina",1,125,668,"78630"
114,"spotify:track:7lcbpfihslisNObKdHjyLo","Clarent, Mora","IA","WEA Latina",1,97,190,"78287"
115,"spotify:track:5xtxxuIqInrLDSfjA6Co3o","Bad Gyal","Fiebre - Prod. King DouDou","Bad Gyal distributed by Altafonte",71,142,664,"77424"
116,"spotify:track:0glj70T9fN3kyJzYmTKzy1","Los Sufridos, Bad Gyal","Duro De Verdad pt.2","Interscope Records",1,100,222,"77135"
117,"spotify:track:6qlP9ZUxLXGsb4R7gPNpeQ","Lola Indigo","LA REINA","Universal Music Spain S.L.",4,126,316,"76973"
118,"spotify:track:0JoHqmlqE0W0i9prt6kcHR","Maluma, Trap Capos, Noriel, Bryant Myers, Juhn","Cuatro Babys (feat. Trap Capos, Noriel, Bryant Myers & Juhn)","Sony Music Latin",53,108,271,"76896"
119,"spotify:track:2Eqtd0tcTHaIJkZXUQnuqh","Yan Block","5'3","SONAR LLC.",119,-1,1,"76371"
120,"spotify:track:0w0e3Te2Rd4t8gGKi3sU6a","Yan Block","Vacile","SONAR LLC.",16,121,273,"76148"
121,"spotify:track:3KZCP2StVGdWkOKyRZNWA4","Plan B","Es un Secreto","Pina Records",37,122,702,"75602"
122,"spotify:track:6LAE0cwzbk9Gr1uexKnA2B","Lomiiel","PA QUE LO BAILES (BAILALO ROCKY)","Open Shift Distribution",68,117,28,"74887"
123,"spotify:track:5OaqffbeQyVVqtnA71Ci7K","Estopa","Por la Raja de Tu Falda","Ariola",80,164,355,"74402"
124,"spotify:track:5q86iSKkBtOoNkdgEDY5WV","Quevedo","VISTA AL MAR","Quevedo",2,116,951,"74199"
125,"spotify:track:0CLVh9I8uHfuyorOdLFim7","Beret, Estopa","Diablo","WM Spain",22,-1,552,"74099"
126,"spotify:track:62sv8pbKqGwVeN4F20DSXM","Melendi","Un violinista en tu tejado","Parlophone Spain",80,113,750,"74036"
127,"spotify:track:1JSTJqkT5qHq8MDJnJbRE1","The Police","Every Breath You Take","Polydor Records",87,111,400,"73876"
128,"spotify:track:17phhZDn6oGtzMe56NuWvj","Teddy Swims","Lose Control","Warner Records",59,102,432,"73696"
129,"spotify:track:5q2JbCNi4FcnglgPfxcV65","Anuel AA, Daddy Yankee, Zion & Lennox, Farruko, Wisin","Sola (Remix)","Spiff TV, LLC / Real Hasta La Muerte, Inc.",10,157,690,"73103"
130,"spotify:track:6VNXmo59yDYgcwLS17UNAW","Bad Bunny, Los Pleneros de la Cresta","CAFé CON RON","Rimas Entertainment LLC.",15,130,111,"72992"
131,"spotify:track:1m69ELEgE6k5ZWsap40ozt","Ozuna","Se Preparó","VP Records Corp/Dimelo Vi",2,129,495,"72598"
132,"spotify:track:3HqcNJdZ2seoGxhn0wVNDK","KAROL G","PROVENZA","BICHOTA RECORDS / INTERSCOPE RECORDS / UNIVERSAL MUSIC LATINO",2,165,1058,"72117"
133,"spotify:track:15F8m8VShRlBXmSbwZBUTt","Eladio Carrion, Cris Mj","El Reggaetón del Disco","Rimas Entertainment LLC",15,124,22,"71498"
134,"spotify:track:4Hkp1TiYqGYhknFwtUsbqd","ROA","ME GUSTAS CC","UMLE - Latino",96,131,19,"71395"
135,"spotify:track:5dDlknAL9imbXXl7uG7oqe","Omar Courtz","⁠LUCES DE COLORES","Mr.305 Records / Rimas Entertainment LLC.",95,110,57,"71296"
136,"spotify:track:1QGPYgUxc7InXTvrTwvH45","Leiva","El Polvo de los Días Raros","Sony Music Entertainment",30,105,21,"71067"
137,"spotify:track:0fOjPUdkQjLH0aoGa5p5h4","Bryant Myers, Anonimus, Anuel AA, Almighty","Esclava - Remix","La Comission, LLC",107,136,68,"70946"
138,"spotify:track:0Qe2g06yzLBuuSvVmFiweP","Nanpa Básico, Beéle","Hasta Aquí Llegué","5020 Records",66,123,216,"70798"
139,"spotify:track:6sHBvzRsuGunQTfCk18KXi","Juan Magán","Bailando por Ahi","Columbia",86,184,291,"70381"
140,"spotify:track:1QFsvkGJAEvwbSSBiPtRVF","Yapi","BÁILAME GYAL","Yapi",62,104,43,"69531"
141,"spotify:track:6LB49nISRDX9hK0d28SfY1","Dei V, Myke Towers","Trending Remix (with Myke Towers)","Encore Recordings",9,170,484,"69502"
142,"spotify:track:4j8RRooRrHTQw4ZEMlXDWK","Viva Suecia","Deja Encendida Una Luz","Universal Music Spain S.L.",142,-1,1,"69499"
143,"spotify:track:2LHNTC9QZxsL3nWpt8iaSR","Lady Gaga","Abracadabra","Interscope Records",24,128,76,"69419"
144,"spotify:track:0STW8nw4lNN4TEQ8KmNer6","Jombriel, Alex Krack, Jøtta","Parte & Choke","WEA Latina",28,-1,135,"69347"
145,"spotify:track:42wdz3j7gstgUuhoFLCXqd","FloyyMenor","PELIGROSA","FloyyMenor under exclusive license to UnitedMasters LLC",3,161,281,"69243"
146,"spotify:track:4aAfLSx9IthpC3Pw5pNk3E","Leiva","Como Si Fueras a Morir Mañana","Sony Music Entertainment",79,151,663,"69215"
147,"spotify:track:6LQrxiC7WijLnsvILxmudT","Nyno Vargas","Algo Bonito","WM Spain",107,150,29,"69186"
148,"spotify:track:6mnfGyPzbzSe8olYGM44pU","Beny Jr","Luna llena","LF BABYS",4,119,299,"69089"
149,"spotify:track:25CfEf59PmRAhV18oZRMNr","Manuel Turizo, Kapo","Qué Pecao","La Industria/Sony Music Latin",13,139,203,"69008"
150,"spotify:track:6tZI1nTl6m40HG5Rs7QuHL","La La Love You, Samuraï","El Principio de algo","Subterfuge Records distributed by Altafonte",53,147,563,"68671"
151,"spotify:track:0duM6rfxvpnpAALDHFmTFS","Juseph, Cruz Cafuné, Wiso Rivera","Muchoperro","Juseph",21,152,287,"68661"
152,"spotify:track:6DUdDIRgLqCGq1DwkNWQTN","Maluma","Borro Cassette","Sony Music Latin",17,127,454,"68535"
153,"spotify:track:6doVTElb0aU40nVrQ8Supq","JC Reyes, Camin","34 Amor y Mafia","JC Reyes",20,162,589,"68380"
154,"spotify:track:1mAUVEQWn2PRxWnRhQreBo","Sky Rompiendo, Dei V","CRUSH","Sony Music Latin",15,159,498,"68236"
155,"spotify:track:1ZA9nhllgTiTFOpgSKvMIu","Lola Indigo, Manuel Turizo","1000COSAS","Universal Music Spain S.L.",3,148,411,"67775"
156,"spotify:track:78HEzDEs1QUnHB2DbxgC1s","Alemán, Neton Vega","Te Quería Ver","HOMEGROWN MAFIA S.A. DE C.V./Sony Music México-Latin",130,141,23,"67549"
157,"spotify:track:3k3NWokhRRkEPhCzPmV8TW","Bad Bunny, Bomba Estéreo","Ojitos Lindos","Rimas Entertainment LLC",2,174,865,"67403"
158,"spotify:track:0DXI6c9tNWsI4tvUftkQN8","Estopa","Tu Calorro","Ariola",112,169,457,"66656"
159,"spotify:track:1zgb3QCX8jo4IGRg56tjvj","Marta Santos","La Vida Entera","WM Spain",71,186,192,"66655"
160,"spotify:track:7MmrcXVA7A5zZ2CbDuGHNa","Rels B","A Mí","DALE PLAY Records / Flakk Team",44,118,454,"66573"
161,"spotify:track:3XXofal1zx616qGCutchgq","Aissa, Lucho RK, Nake","KTM","AISSA",113,137,7,"66473"
162,"spotify:track:2GJyBJWPmnM7pK961cB6iV","Melendi","La promesa","WM Spain",79,163,106,"65894"
163,"spotify:track:2J9B63FawlTaPdg4eH5X03","Beéle","Loco","Hear This Music",13,179,325,"65855"
164,"spotify:track:5ITV0zqzjOYfFWpW0xBmRa","WizTheMc, bees & honey","Show Me Love","Bamboo Artists",133,133,28,"65662"
165,"spotify:track:505v13epFXodT9fVAJ6h8k","KAROL G","AMARGURA","BICHOTA RECORDS / INTERSCOPE RECORDS / UNIVERSAL MUSIC LATINO",14,-1,708,"65590"
166,"spotify:track:5sUbra1c8ZDnD9chdM4cUf","GRECAS, JCC","ES COMO FAK","GRECAS",96,120,140,"65351"
167,"spotify:track:4rKQ8daoK0aklVptea8A9E","Lola Indigo, Quevedo","EL TONTO","Universal Music Spain S.L.",1,177,716,"65332"
168,"spotify:track:5EnaxC9amhXY55ezw87SL8","Dani Fernández","Bailemos","WM Spain",63,158,447,"65136"
169,"spotify:track:2tTmW7RDtMQtBk7m2rYeSw","Bizarrap, Quevedo","Quevedo: Bzrp Music Sessions, Vol. 52","DALE PLAY Records",1,176,991,"65116"
170,"spotify:track:6a9Z1jUms915w4O7N1PxjY","Rvssian, Rauw Alejandro, Ayra Starr","Santa","Sony Music Latin",1,154,383,"65109"
171,"spotify:track:5zUDU4xwvd3V3DjOKULoM7","Oscar el Ruso, Samuel G","Rihanna","Oscar El Ruso",171,-1,1,"65041"
172,"spotify:track:1iQ3p8rAXU7LU52QarCzlO","ROA, CDobleta","TATE QUIETA","UMLE - Latino",159,191,8,"64820"
173,"spotify:track:1Bm72kC7CA5Ws1TBU753uw","Antonio Orozco","Te Juro Que No Hay Un Segundo Que No Piense En Ti","Universal Music Spain S.L.",173,-1,1,"64656"
174,"spotify:track:2dK99lWPkBVwNen6gK1AtI","Chayanne","Bailando Bachata","Sony Music Latin",45,196,522,"64551"
175,"spotify:track:1uE2MpryIKEUZuGhSipqQG","Aitana, Myke Towers","SENTIMIENTO NATURAL","Universal Music Spain S.L.",6,149,43,"64344"
176,"spotify:track:1QAvmMUR9gDtKr9OCtCzh1","Moncho Chavea, Morad","SE FUE","Virgin Music Spain",10,153,127,"64251"
177,"spotify:track:3xiNRrrVROKlHrflHGNTfG","Fito y Fitipaldis","Antes de que cuente diez","WM Spain",138,178,35,"64199"
178,"spotify:track:0h0mWHM5SkpS9rcmGyBoox","Clarent","Enzaciao","Kp records",143,195,31,"64046"
179,"spotify:track:18Eb38xeQJQxs0R3n3VBQa","Dei V, Bryant Myers","Narcotics (with Bryant Myers)","Encore Recordings",15,182,587,"63912"
180,"spotify:track:7quuwATpqJ08SMd21aXLVM","Bryant Myers","Hasta Que Me Muera","Get Low Records LLC",62,172,91,"63909"
181,"spotify:track:5jt25aFjW2kNoBqaEVaz5W","Mora, Feid","LA INOCENTE","Rimas Entertainment LLC",7,190,1069,"63568"
182,"spotify:track:1iP7aZUNvyt2EtmpjSbtRz","Quevedo","CHAPIADORA.COM","2024 DQE Productions Distribuido por RIMAS Entertainment",8,140,155,"63543"
183,"spotify:track:1zsPaEkglFvxjAhrM8yhpr","Ozuna, Feid","Hey Mor","Aura Music Corp.",2,143,732,"63455"
184,"spotify:track:0OXUqgdMVTNGgV0LJ8irvP","Hey Kid","noche de san juan","Acqustic",144,145,27,"63235"
185,"spotify:track:6Xom58OOXk2SoU711L2IXO","Bad Bunny","Moscow Mule","Rimas Entertainment LLC",1,171,492,"63193"
186,"spotify:track:63zeT81t627KKfZsC920QN","JC Reyes, Pirlo","REMEDIO","JC Reyes",128,166,9,"63089"
187,"spotify:track:5Z00rHfWwTteOUPy8k5B9P","GRECAS, JCC","Hugo Bozz","GRECAS",86,138,21,"62611"
188,"spotify:track:3BFh8rR6aMexy7ELu2UQy3","DELLAFUENTE, Morad","Manos Rotas","MAAS",1,168,526,"62427"
189,"spotify:track:0P05ImgE7sHrQIq9bSvyv5","Bryant Myers","Como Panas","eOne Urban",40,-1,207,"62407"
190,"spotify:track:6RqD0fpAaKEZvQd0QrTj7j","Morad, Beny Jr, Rvfv","Lo Que Tiene","M.D.L.R",5,167,414,"62290"
191,"spotify:track:6NXPhNtKgDn7OJaLaELuSH","Manuel Carrasco, Camilo","Salitre","Universal Music Spain S.L.",52,-1,418,"62195"
192,"spotify:track:4RPeZbmVON5ZKT5HC9wALt","Beéle","morena","5020 Records",125,144,63,"61985"
193,"spotify:track:4waqcUQWdj0yH26STWl2Rq","La Oreja de Van Gogh","Rosas","Columbia",30,197,330,"61973"
194,"spotify:track:58UqX83GYOHQFbDsmpayXc","La La Love You","Una boda en Las Vegas","Subterfuge Records distributed by Altafonte",146,-1,2,"61838"
195,"spotify:track:7iUtQNMRB8ZkKC4AmEuCJC","Myke Towers","LA FALDA","WEA Latina",1,181,511,"61782"
196,"spotify:track:2a1o6ZejUi8U3wzzOtCOYw","Don Omar, Lucenzo","Danza Kuduro","UMLE - Machete",125,-1,138,"61507"
197,"spotify:track:5stw9wFzZFifH8zlun8Fts","De La Ghetto, JC Reyes","RMPR T","Latin Nation Entertainment, LLC",197,-1,1,"61463"
198,"spotify:track:3eIvjtwoYC16ElxYE6ph7J","Ele A El Dominio","Hace Mucho Tiempo","InnerCat Music Group, LLC",131,200,116,"61391"
199,"spotify:track:18W8cuvcub2B9NQzm5rZxf","JC Reyes, Pedro Calderon, Blacknife","A 300","JC Reyes",11,-1,620,"61324"
200,"spotify:track:6mmPpaltUZK7xjNlBPQQ0p","Rauw Alejandro, Chencho Corleone","Desesperados","Sony Music Latin/Duars Entertainment",1,175,976,"61318"
